within OpenIPSL.Examples.Tutorial.Example_4.PFData.BusData;
record PfBus00000 "Record for power flow solutions in buses - Id 00000"
extends OpenIPSL.Examples.Tutorial.Example_4.PFData.BusData.BusTemplate(
    v1=1.0000000,
    A1=0.0706208,
    v2=1.0000000,
    A2=0.0000000,
    v3=0.9959842,
    A3=-0.0050087,
    v4=0.9919935,
    A4=-0.0100578);

end PfBus00000;
